7
1 3 5 8 23 12 90
-6 4 0 7 9 23 11
3 6 92 10 0 59 3 
23 1 7 90 3 56 9
44 7 29 30 75 12 43
0 0 -34 -27 -6 23 14
8 7 4 6 2 9 3  
1 2 3 4 5 6 7

3
5 2 1
-1 4 2
2 -3 10 
-12 20 3

2
3 5
4 9
1 1


7
1 3 5 8 23 12 90
-6 4 0 7 9 23 11
3 6 92 10 0 59 3 
23 1 7 90 3 56 9
44 7 29 30 75 12 43
0 0 -34 -27 -6 23 14
8 7 4 6 2 9 3  
1 2 3 4 5 6 7

3
5 2 1
-1 4 2
2 -3 10 
-12 20 3

7
1 3 5 8 23 12 90
-6 4 0 7 9 23 11
3 6 92 10 0 59 3 
23 1 7 90 3 56 9
44 7 29 30 75 12 43
0 0 -34 -27 -6 23 14
8 7 4 6 2 9 3  
1 2 3 4 5 6 7

1, 3, 5, 8, 23, 12, 90
-6, 4, 0, 7, 9, 23, 11
3, 6, 92, 10, 0, 59, 3 
23, 1, 7, 90, 3, 56, 9
44, 7, 29, 30, 75, 12, 43
0, 0, -34, -27, -6, 23, 14
8, 7, 4, 6, 2, 9, 3

3
12 -3 3
-18 3 -1
1 1 1
15 -15 6

3 
0.25 0.2 0.166667
0.333333 0.25 0.2
0.5 1 2
9 8 8

5
 2 -1  0  0  0
-1  2 -1  0  0
 0 -1  2 -1  0
 0  0 -1  2 -1
 0  0  0 -1  2
 1  0  0  0  0
 1  0  0  0  0

3
1 1 1
2 2 1
3 3 1
1 1 1

3
1 2 6
2 5 15
6 15 46
1 1 1

3
1 2 3
2 4 1
4 6 7
1 1 1 


